s0[k] = 9.986139e-01
s1[k] = 3.816881e-03
s2[k] = 3.800037e-03
s3[k] = 3.800037e-03
ccout[k] = 3.786968e-03
