s0[k] = 9.986138e-01
s1[k] = 3.816929e-03
s2[k] = 3.800085e-03
s3[k] = 3.800085e-03
