s0[k] = 3.816934e-03
s1[k] = 3.800085e-03
s2[k] = 3.800085e-03
s3[k] = 3.800085e-03
ccout[k] = 3.787016e-03
