s0[k] = 3.816933e-03
s1[k] = 9.986339e-01
s2[k] = 9.986339e-01
s3[k] = 9.986339e-01
ccout[k] = 9.986357e-01
