s0[k] = 9.986138e-01
s1[k] = 9.986134e-01
s2[k] = 3.816928e-03
s3[k] = 3.800236e-03
s4[k] = 9.986128e-01
s5[k] = 3.800083e-03
s6[k] = 9.986339e-01
s7[k] = 3.800236e-03
s8[k] = 3.817497e-03
s9[k] = 9.986128e-01
s10[k] = 9.986340e-01
s11[k] = 9.986340e-01
s12[k] = 3.817312e-03
s13[k] = 3.800085e-03
s14[k] = 3.800085e-03
s15[k] = 3.800085e-03
ccout[k] = 3.787016e-03
