s0[k] = 9.986139e-01
s1[k] = 9.986136e-01
s2[k] = 9.986136e-01
s3[k] = 9.986136e-01
