s0[k] = 1.096428e+00
s1[k] = 1.096418e+00
s2[k] = 1.096417e+00
s3[k] = 1.096417e+00
