s0[k] = 3.816933e-03
s1[k] = 3.800287e-03
s2[k] = 3.800243e-03
s3[k] = 3.800243e-03
s4[k] = 3.817498e-03
s5[k] = 3.817535e-03
s6[k] = 3.817535e-03
s7[k] = 3.817482e-03
