s0[k] = 3.816934e-03
s1[k] = 3.800085e-03
s2[k] = 3.800085e-03
s3[k] = 3.800083e-03
ccout[k] = 9.986357e-01
