s0[k] = 9.986138e-01
s1[k] = 9.986134e-01
s2[k] = 9.986134e-01
s3[k] = 9.986134e-01
s4[k] = 9.986133e-01
s5[k] = 9.986129e-01
s6[k] = 9.986129e-01
s7[k] = 9.986129e-01
