s0[k] = 9.986138e-01
s1[k] = 9.986134e-01
s2[k] = 9.986134e-01
s3[k] = 9.986134e-01
