xout0[k] = 5.032609e-02
xout1[k] = 1.271584e+00
xout2[k] = 6.419086e-02
xout3[k] = 6.395770e-02
xout4[k] = 6.330711e-02
xout5[k] = 6.418126e-02
xout6[k] = 6.382244e-02
xout7[k] = 5.944723e-02
