xout0[k] = 3.680898e-03
xout1[k] = 4.875069e-03
xout2[k] = 4.877096e-03
xout3[k] = 9.989451e-01
xout4[k] = 4.875927e-03
xout5[k] = 4.877498e-03
xout6[k] = 4.877072e-03
xout7[k] = 4.825869e-03
