<<<<<<< HEAD
<<<<<<< HEAD
xout0[k] = 3.680835e-03
xout1[k] = 4.874956e-03
xout2[k] = 4.877026e-03
xout3[k] = 4.877027e-03
xout4[k] = 4.877027e-03
xout5[k] = 4.877027e-03
xout6[k] = 4.877027e-03
xout7[k] = 4.877027e-03
xout8[k] = 9.989460e-01
xout9[k] = 4.877573e-03
xout10[k] = 4.877434e-03
xout11[k] = 4.877434e-03
xout12[k] = 4.877434e-03
xout13[k] = 4.877434e-03
xout14[k] = 4.877059e-03
xout15[k] = 4.825831e-03
=======
xout0[k] = 3.680898e-03
xout1[k] = 4.875069e-03
xout2[k] = 4.877096e-03
xout3[k] = 9.989451e-01
xout4[k] = 4.875927e-03
xout5[k] = 4.877498e-03
xout6[k] = 4.877072e-03
xout7[k] = 4.825869e-03
>>>>>>> 771f4be5b3533bc87c4d9fdc0f878a4d7621fb67
=======
xout0[k] = 9.954608e-03
xout1[k] = 1.296355e-02
xout2[k] = 1.298477e-02
xout3[k] = 1.097032e+00
xout4[k] = 1.297326e-02
xout5[k] = 1.298897e-02
xout6[k] = 1.298434e-02
xout7[k] = 1.275485e-02
>>>>>>> parent of 771f4be... output.txt & simul 8 bit
