xout0[k] = 3.680835e-03
xout1[k] = 4.874956e-03
xout2[k] = 4.877026e-03
xout3[k] = 4.877027e-03
xout4[k] = 4.877027e-03
xout5[k] = 4.877027e-03
xout6[k] = 4.877027e-03
xout7[k] = 4.877027e-03
xout8[k] = 9.989460e-01
xout9[k] = 4.877573e-03
xout10[k] = 4.877434e-03
xout11[k] = 4.877434e-03
xout12[k] = 4.877434e-03
xout13[k] = 4.877434e-03
xout14[k] = 4.877059e-03
xout15[k] = 4.825831e-03
