xout0[k] = 3.695586e-03
xout1[k] = 4.874956e-03
xout2[k] = 4.877026e-03
xout3[k] = 4.877027e-03
xout4[k] = 4.877027e-03
xout5[k] = 4.877027e-03
xout6[k] = 4.877027e-03
xout7[k] = 4.877027e-03
xout8[k] = 4.877027e-03
xout9[k] = 4.877027e-03
xout10[k] = 4.877027e-03
xout11[k] = 4.877027e-03
xout12[k] = 4.877027e-03
xout13[k] = 4.877027e-03
xout14[k] = 4.877027e-03
xout15[k] = 4.877027e-03
xout16[k] = 4.877027e-03
xout17[k] = 4.877027e-03
xout18[k] = 4.877027e-03
xout19[k] = 4.877027e-03
xout20[k] = 4.877027e-03
xout21[k] = 4.877027e-03
xout22[k] = 4.877027e-03
xout23[k] = 4.877027e-03
xout24[k] = 4.877027e-03
xout25[k] = 4.877027e-03
xout26[k] = 4.877027e-03
xout27[k] = 4.877027e-03
xout28[k] = 4.877027e-03
xout29[k] = 4.877027e-03
xout30[k] = 4.877027e-03
xout31[k] = 4.877027e-03
xout32[k] = 4.875788e-03
xout33[k] = 4.877434e-03
xout34[k] = 4.877434e-03
xout35[k] = 4.877434e-03
xout36[k] = 4.877434e-03
xout37[k] = 4.877434e-03
xout38[k] = 4.877434e-03
xout39[k] = 4.877434e-03
xout40[k] = 4.877434e-03
xout41[k] = 4.877434e-03
xout42[k] = 4.877434e-03
xout43[k] = 4.877434e-03
xout44[k] = 4.877434e-03
xout45[k] = 4.877434e-03
xout46[k] = 4.877434e-03
xout47[k] = 4.877434e-03
xout48[k] = 4.877434e-03
xout49[k] = 4.877434e-03
xout50[k] = 4.877434e-03
xout51[k] = 4.877434e-03
xout52[k] = 4.877434e-03
xout53[k] = 4.877434e-03
xout54[k] = 4.877434e-03
xout55[k] = 4.877434e-03
xout56[k] = 4.877434e-03
xout57[k] = 4.877434e-03
xout58[k] = 4.877434e-03
xout59[k] = 4.877434e-03
xout60[k] = 4.877434e-03
xout61[k] = 4.877434e-03
xout62[k] = 4.877007e-03
xout63[k] = 4.825831e-03
