xout0[k] = 9.985087e-01
xout1[k] = 5.274013e-03
xout2[k] = 5.052386e-03
xout3[k] = 5.052381e-03
xout4[k] = 5.052382e-03
xout5[k] = 5.052382e-03
xout6[k] = 5.052382e-03
xout7[k] = 5.052382e-03
xout8[k] = 5.052382e-03
xout9[k] = 5.052382e-03
xout10[k] = 5.052382e-03
xout11[k] = 5.052382e-03
xout12[k] = 5.052382e-03
xout13[k] = 5.052382e-03
xout14[k] = 5.052382e-03
xout15[k] = 5.052382e-03
xout16[k] = 5.052382e-03
xout17[k] = 5.052382e-03
xout18[k] = 5.052382e-03
xout19[k] = 5.052382e-03
xout20[k] = 5.052382e-03
xout21[k] = 5.052382e-03
xout22[k] = 5.052382e-03
xout23[k] = 5.052382e-03
xout24[k] = 5.052382e-03
xout25[k] = 5.052382e-03
xout26[k] = 5.052382e-03
xout27[k] = 5.052382e-03
xout28[k] = 5.052382e-03
xout29[k] = 5.052382e-03
xout30[k] = 5.052382e-03
xout31[k] = 5.052382e-03
xout32[k] = 5.273975e-03
xout33[k] = 9.991263e-01
xout34[k] = 9.991263e-01
xout35[k] = 9.991263e-01
xout36[k] = 9.991263e-01
xout37[k] = 9.991263e-01
xout38[k] = 9.991263e-01
xout39[k] = 9.991263e-01
xout40[k] = 9.991263e-01
xout41[k] = 9.991263e-01
xout42[k] = 9.991263e-01
xout43[k] = 9.991263e-01
xout44[k] = 9.991263e-01
xout45[k] = 9.991263e-01
xout46[k] = 9.991263e-01
xout47[k] = 9.991263e-01
xout48[k] = 9.991263e-01
xout49[k] = 9.991263e-01
xout50[k] = 9.991263e-01
xout51[k] = 9.991263e-01
xout52[k] = 9.991263e-01
xout53[k] = 9.991263e-01
xout54[k] = 9.991263e-01
xout55[k] = 9.991263e-01
xout56[k] = 9.991263e-01
xout57[k] = 9.991263e-01
xout58[k] = 9.991263e-01
xout59[k] = 9.991263e-01
xout60[k] = 9.991263e-01
xout61[k] = 9.991263e-01
xout62[k] = 9.991262e-01
xout63[k] = 9.991516e-01
