xout0[k] = 9.985087e-01
xout1[k] = 5.274013e-03
xout2[k] = 5.052386e-03
xout3[k] = 5.052381e-03
xout4[k] = 5.052382e-03
xout5[k] = 5.052382e-03
xout6[k] = 5.052382e-03
xout7[k] = 5.052382e-03
xout8[k] = 5.273975e-03
xout9[k] = 9.991263e-01
xout10[k] = 9.991263e-01
xout11[k] = 9.991263e-01
xout12[k] = 9.991263e-01
xout13[k] = 9.991263e-01
xout14[k] = 9.991262e-01
xout15[k] = 9.991516e-01
