xout0[k] = 3.826866e-03
xout1[k] = 9.989326e-01
xout2[k] = 9.989451e-01
xout3[k] = 4.877217e-03
xout4[k] = 4.875854e-03
xout5[k] = 4.877498e-03
xout6[k] = 4.877072e-03
xout7[k] = 4.825869e-03
