xout0[k] = 3.695635e-03
xout1[k] = 4.875022e-03
xout2[k] = 4.877091e-03
xout3[k] = 4.877092e-03
xout4[k] = 4.875854e-03
xout5[k] = 4.877498e-03
xout6[k] = 4.877072e-03
xout7[k] = 4.825869e-03
