xout0[k] = 9.954608e-03
xout1[k] = 1.296355e-02
xout2[k] = 1.298477e-02
xout3[k] = 1.097032e+00
xout4[k] = 1.297326e-02
xout5[k] = 1.298897e-02
xout6[k] = 1.298434e-02
xout7[k] = 1.275485e-02
