zz0[k] = 9.985087e-01
zz1[k] = 5.274018e-03
zz2[k] = 5.273997e-03
zz3[k] = 5.273997e-03
zz4[k] = 5.273997e-03
zz5[k] = 5.273997e-03
zz6[k] = 5.273997e-03
zz7[k] = 5.273997e-03
zz8[k] = 5.273997e-03
zz9[k] = 5.273997e-03
zz10[k] = 5.273997e-03
zz11[k] = 5.273997e-03
zz12[k] = 5.273997e-03
zz13[k] = 5.273997e-03
zz14[k] = 5.273997e-03
zz15[k] = 5.273997e-03
zz16[k] = 5.273997e-03
zz17[k] = 5.273997e-03
zz18[k] = 5.273997e-03
zz19[k] = 5.273997e-03
zz20[k] = 5.273997e-03
zz21[k] = 5.273997e-03
zz22[k] = 5.273997e-03
zz23[k] = 5.273997e-03
zz24[k] = 5.273997e-03
zz25[k] = 5.273997e-03
zz26[k] = 5.273997e-03
zz27[k] = 5.273997e-03
zz28[k] = 5.273997e-03
zz29[k] = 5.273997e-03
zz30[k] = 5.273997e-03
zz31[k] = 5.273997e-03
zz32[k] = 5.086727e-03
zz33[k] = 9.991262e-01
zz34[k] = 9.991262e-01
zz35[k] = 9.991262e-01
zz36[k] = 9.991262e-01
zz37[k] = 9.991262e-01
zz38[k] = 9.991262e-01
zz39[k] = 9.991262e-01
zz40[k] = 9.991262e-01
zz41[k] = 9.991262e-01
zz42[k] = 9.991262e-01
zz43[k] = 9.991262e-01
zz44[k] = 9.991262e-01
zz45[k] = 9.991262e-01
zz46[k] = 9.991262e-01
zz47[k] = 9.991262e-01
zz48[k] = 9.991262e-01
zz49[k] = 9.991262e-01
zz50[k] = 9.991262e-01
zz51[k] = 9.991262e-01
zz52[k] = 9.991262e-01
zz53[k] = 9.991262e-01
zz54[k] = 9.991262e-01
zz55[k] = 9.991262e-01
zz56[k] = 9.991262e-01
zz57[k] = 9.991262e-01
zz58[k] = 9.991262e-01
zz59[k] = 9.991262e-01
zz60[k] = 9.991262e-01
zz61[k] = 9.991262e-01
zz62[k] = 9.991262e-01
zz63[k] = 9.991516e-01
