zz0[k] = 3.680898e-03
zz1[k] = 4.875074e-03
zz2[k] = 9.989327e-01
zz3[k] = 4.875449e-03
zz4[k] = 5.305147e-03
zz5[k] = 9.987426e-01
zz6[k] = 9.989451e-01
zz7[k] = 5.029084e-03
