zz0[k] = 3.680898e-03
zz1[k] = 4.875017e-03
zz2[k] = 4.875444e-03
zz3[k] = 4.875444e-03
zz4[k] = 4.877090e-03
zz5[k] = 4.877090e-03
zz6[k] = 4.877072e-03
zz7[k] = 4.825869e-03
