zz0[k] = 9.954608e-03
zz1[k] = 1.296355e-02
zz2[k] = 1.296724e-02
zz3[k] = 1.096949e+00
zz4[k] = 1.298857e-02
zz5[k] = 1.298470e-02
zz6[k] = 1.298434e-02
zz7[k] = 1.275485e-02
