zz0[k] = 9.985087e-01
zz1[k] = 5.274013e-03
zz2[k] = 5.273991e-03
zz3[k] = 5.273991e-03
zz4[k] = 5.086721e-03
zz5[k] = 9.991262e-01
zz6[k] = 9.991262e-01
zz7[k] = 9.991516e-01
