zz0[k] = 2.409479e-02
zz1[k] = 3.070929e-02
zz2[k] = 1.189910e+00
zz3[k] = 3.073707e-02
zz4[k] = 3.996865e-02
zz5[k] = 1.188171e+00
zz6[k] = 1.190386e+00
zz7[k] = 3.521912e-02
