zz0[k] = 9.985087e-01
zz1[k] = 9.989326e-01
zz2[k] = 9.989457e-01
zz3[k] = 9.989327e-01
zz4[k] = 4.877267e-03
zz5[k] = 4.877090e-03
zz6[k] = 4.877072e-03
zz7[k] = 4.825869e-03
