zz0[k] = 3.826866e-03
zz1[k] = 4.875120e-03
zz2[k] = 4.875496e-03
zz3[k] = 4.875496e-03
zz4[k] = 9.989457e-01
zz5[k] = 9.989327e-01
zz6[k] = 9.989327e-01
zz7[k] = 9.989327e-01
zz8[k] = 4.877267e-03
zz9[k] = 4.877142e-03
zz10[k] = 4.877142e-03
zz11[k] = 4.877090e-03
zz12[k] = 4.877090e-03
zz13[k] = 4.877090e-03
zz14[k] = 4.877072e-03
zz15[k] = 4.825869e-03
