s0[k] = 9.989337e-01
s1[k] = 4.874287e-03
s2[k] = 5.305062e-03
s3[k] = 9.987425e-01
s4[k] = 4.874180e-03
s5[k] = 4.874167e-03
s6[k] = 4.874167e-03
s7[k] = 4.874167e-03
cout7[k] = 4.825830e-03
