s0[k] = 9.989459e-01
s1[k] = 4.874233e-03
s2[k] = 4.874167e-03
s3[k] = 4.874167e-03
cout3[k] = 4.825830e-03
