s0[k] = 9.989337e-01
s1[k] = 4.874287e-03
s2[k] = 5.305062e-03
s3[k] = 9.987425e-01
cout3[k] = 4.863046e-03
