s0[k] = 9.947105e-01
s1[k] = 4.940256e-03
s2[k] = 4.874167e-03
s3[k] = 4.874167e-03
