s0[k] = 1.078430e+00
s1[k] = 1.096494e+00
s2[k] = 1.096942e+00
s3[k] = 1.096950e+00
