s0[k] = 5.273909e-03
s1[k] = 9.991266e-01
s2[k] = 9.991266e-01
s3[k] = 9.991266e-01
cout3[k] = 9.991516e-01
