s0[k] = 9.947103e-01
s1[k] = 9.989207e-01
s2[k] = 9.989333e-01
s3[k] = 9.989333e-01
