s0[k] = 4.872508e-03
s1[k] = 4.874167e-03
s2[k] = 4.874167e-03
s3[k] = 4.874167e-03
cout3[k] = 4.825830e-03
