s0[k] = 9.989460e-01
s1[k] = 4.874168e-03
s2[k] = 4.874102e-03
s3[k] = 4.874102e-03
cout3[k] = 4.825791e-03
