s0[k] = 9.989337e-01
s1[k] = 9.989333e-01
s2[k] = 9.989452e-01
s3[k] = 9.989333e-01
s4[k] = 9.989333e-01
s5[k] = 9.989452e-01
s6[k] = 9.989452e-01
s7[k] = 9.989333e-01
